\begin{bmatrix}
  7.53e-04 & -2.93e-04 & 2.04e-04 & 5.30e-05 & 1.84e-01 & -2.43e-05\\
  -2.93e-04 & 1.19e-01 & 2.96e-01 & 2.19e-01 & 1.98e+01 & 8.61e-03\\
  2.04e-04 & 2.96e-01 & 9.60e-01 & 7.42e-01 & 4.03e+01 & 2.45e-02\\
  5.30e-05 & 2.19e-01 & 7.42e-01 & 6.49e-01 & 2.82e+01 & 1.71e-02\\
  1.84e-01 & 1.98e+01 & 4.03e+01 & 2.82e+01 & 5.75e+03 & 1.61e+00\\
  -2.43e-05 & 8.61e-03 & 2.45e-02 & 1.71e-02 & 1.61e+00 & 7.04e-03\\
\end{bmatrix}
